(kicad_pcb (version 20171130) (host pcbnew 5.0.2-bee76a0~70~ubuntu16.04.1)

  (general
    (thickness 1.6)
    (drawings 9)
    (tracks 281)
    (zones 0)
    (modules 27)
    (nets 28)
  )

  (page A4)
  (layers
    (0 F.Cu signal)
    (31 B.Cu signal)
    (32 B.Adhes user)
    (33 F.Adhes user)
    (34 B.Paste user)
    (35 F.Paste user)
    (36 B.SilkS user)
    (37 F.SilkS user)
    (38 B.Mask user)
    (39 F.Mask user)
    (40 Dwgs.User user)
    (41 Cmts.User user)
    (42 Eco1.User user)
    (43 Eco2.User user)
    (44 Edge.Cuts user)
    (45 Margin user)
    (46 B.CrtYd user)
    (47 F.CrtYd user)
    (48 B.Fab user)
    (49 F.Fab user)
  )

  (setup
    (last_trace_width 0.25)
    (trace_clearance 0.2)
    (zone_clearance 0.508)
    (zone_45_only no)
    (trace_min 0.2)
    (segment_width 0.2)
    (edge_width 0.15)
    (via_size 0.8)
    (via_drill 0.4)
    (via_min_size 0.4)
    (via_min_drill 0.3)
    (uvia_size 0.3)
    (uvia_drill 0.1)
    (uvias_allowed no)
    (uvia_min_size 0.2)
    (uvia_min_drill 0.1)
    (pcb_text_width 0.3)
    (pcb_text_size 1.5 1.5)
    (mod_edge_width 0.15)
    (mod_text_size 1 1)
    (mod_text_width 0.15)
    (pad_size 1.524 1.524)
    (pad_drill 0.762)
    (pad_to_mask_clearance 0.051)
    (solder_mask_min_width 0.25)
    (aux_axis_origin 0 0)
    (visible_elements FFFFFF7F)
    (pcbplotparams
      (layerselection 0x010fc_ffffffff)
      (usegerberextensions false)
      (usegerberattributes false)
      (usegerberadvancedattributes false)
      (creategerberjobfile false)
      (excludeedgelayer true)
      (linewidth 0.100000)
      (plotframeref false)
      (viasonmask false)
      (mode 1)
      (useauxorigin false)
      (hpglpennumber 1)
      (hpglpenspeed 20)
      (hpglpendiameter 15.000000)
      (psnegative false)
      (psa4output false)
      (plotreference true)
      (plotvalue true)
      (plotinvisibletext false)
      (padsonsilk false)
      (subtractmaskfromsilk false)
      (outputformat 1)
      (mirror false)
      (drillshape 1)
      (scaleselection 1)
      (outputdirectory ""))
  )

  (net 0 "")
  (net 1 /SEG_E)
  (net 2 /SEG_D)
  (net 3 "Net-(AFF1-Pad3)")
  (net 4 /SEG_C)
  (net 5 /SEG_B)
  (net 6 /SEG_A)
  (net 7 "Net-(AFF2-Pad3)")
  (net 8 "Net-(AFF3-Pad3)")
  (net 9 VCC)
  (net 10 GND)
  (net 11 "Net-(C4-Pad1)")
  (net 12 "Net-(J1-Pad1)")
  (net 13 /DIG_0)
  (net 14 /DIG_1)
  (net 15 /DIG_2)
  (net 16 /DIO)
  (net 17 /PGC)
  (net 18 /PGD)
  (net 19 /SEG_DP)
  (net 20 /SEG_F)
  (net 21 /SEG_G)
  (net 22 "Net-(R2-Pad2)")
  (net 23 "Net-(R4-Pad2)")
  (net 24 "Net-(R5-Pad2)")
  (net 25 "Net-(R6-Pad2)")
  (net 26 "Net-(R7-Pad2)")
  (net 27 "Net-(R8-Pad2)")

  (net_class Default "This is the default net class."
    (clearance 0.2)
    (trace_width 0.25)
    (via_dia 0.8)
    (via_drill 0.4)
    (uvia_dia 0.3)
    (uvia_drill 0.1)
    (add_net /DIG_0)
    (add_net /DIG_1)
    (add_net /DIG_2)
    (add_net /DIO)
    (add_net /PGC)
    (add_net /PGD)
    (add_net /SEG_A)
    (add_net /SEG_B)
    (add_net /SEG_C)
    (add_net /SEG_D)
    (add_net /SEG_DP)
    (add_net /SEG_E)
    (add_net /SEG_F)
    (add_net /SEG_G)
    (add_net GND)
    (add_net "Net-(AFF1-Pad3)")
    (add_net "Net-(AFF2-Pad3)")
    (add_net "Net-(AFF3-Pad3)")
    (add_net "Net-(C4-Pad1)")
    (add_net "Net-(J1-Pad1)")
    (add_net "Net-(R2-Pad2)")
    (add_net "Net-(R4-Pad2)")
    (add_net "Net-(R5-Pad2)")
    (add_net "Net-(R6-Pad2)")
    (add_net "Net-(R7-Pad2)")
    (add_net "Net-(R8-Pad2)")
    (add_net VCC)
  )

  (module Display_7Segment:7SegmentLED_LTS6760_LTS6780 (layer B.Cu) (tedit 5BE69100) (tstamp 5F048844)
    (at 98.806 90.17 270)
    (descr "7-Segment Display, LTS67x0, http://optoelectronics.liteon.com/upload/download/DS30-2001-355/S6760jd.pdf")
    (tags "7Segment LED LTS6760 LTS6780")
    (path /5EFFD007)
    (fp_text reference AFF1 (at 13.208 -5.08) (layer B.SilkS)
      (effects (font (size 1 1) (thickness 0.15)) (justify mirror))
    )
    (fp_text value LTS-6980HR (at 7.62 -12.58 270) (layer B.Fab)
      (effects (font (size 1 1) (thickness 0.15)) (justify mirror))
    )
    (fp_line (start -2.38 1.67) (end 17.62 1.67) (layer B.CrtYd) (width 0.05))
    (fp_line (start -2.38 -11.83) (end -2.38 1.67) (layer B.CrtYd) (width 0.05))
    (fp_line (start 17.62 -11.83) (end -2.38 -11.83) (layer B.CrtYd) (width 0.05))
    (fp_line (start 17.62 1.67) (end 17.62 -11.83) (layer B.CrtYd) (width 0.05))
    (fp_text user %R (at 7.87 -5.08 270) (layer B.Fab)
      (effects (font (size 1 1) (thickness 0.15)) (justify mirror))
    )
    (fp_line (start 12.62 -2.08) (end 7.62 -1.08) (layer B.SilkS) (width 0.15))
    (fp_line (start 7.62 -1.08) (end 2.62 -0.08) (layer B.SilkS) (width 0.15))
    (fp_line (start 2.62 -0.08) (end 2.62 -7.08) (layer B.SilkS) (width 0.15))
    (fp_line (start 2.62 -7.08) (end 7.62 -8.08) (layer B.SilkS) (width 0.15))
    (fp_line (start 12.62 -9.08) (end 7.62 -8.08) (layer B.SilkS) (width 0.15))
    (fp_line (start 7.62 -8.08) (end 7.62 -1.08) (layer B.SilkS) (width 0.15))
    (fp_line (start 12.62 -2.08) (end 12.62 -9.08) (layer B.SilkS) (width 0.15))
    (fp_line (start -1.98 -11.38) (end -1.98 1.22) (layer B.SilkS) (width 0.15))
    (fp_line (start 13.32 1.22) (end 1.92 1.22) (layer B.SilkS) (width 0.15))
    (fp_line (start 13.32 -11.38) (end 1.92 -11.38) (layer B.SilkS) (width 0.15))
    (fp_line (start 17.22 1.22) (end 17.22 -11.38) (layer B.SilkS) (width 0.15))
    (fp_circle (center 2.62 -9.08) (end 2.42 -9.48) (layer B.SilkS) (width 0.15))
    (fp_line (start -1.88 -11.33) (end 17.12 -11.33) (layer B.Fab) (width 0.1))
    (fp_line (start 17.12 -11.33) (end 17.12 1.17) (layer B.Fab) (width 0.1))
    (fp_line (start 17.12 1.17) (end -0.88 1.17) (layer B.Fab) (width 0.1))
    (fp_line (start -0.88 1.17) (end -1.88 0.17) (layer B.Fab) (width 0.1))
    (fp_line (start -1.88 0.17) (end -1.88 -11.33) (layer B.Fab) (width 0.1))
    (pad 1 thru_hole rect (at 0 0) (size 1.524 2.524) (drill 0.8) (layers *.Cu *.Mask)
      (net 1 /SEG_E))
    (pad 2 thru_hole oval (at 0 -2.54) (size 1.524 2.524) (drill 0.8) (layers *.Cu *.Mask)
      (net 2 /SEG_D))
    (pad 3 thru_hole oval (at 0 -5.08) (size 1.524 2.524) (drill 0.8) (layers *.Cu *.Mask)
      (net 3 "Net-(AFF1-Pad3)"))
    (pad 4 thru_hole oval (at 0 -7.62) (size 1.524 2.524) (drill 0.8) (layers *.Cu *.Mask)
      (net 4 /SEG_C))
    (pad 5 thru_hole oval (at 0 -10.16) (size 1.524 2.524) (drill 0.8) (layers *.Cu *.Mask)
      (net 19 /SEG_DP))
    (pad 6 thru_hole oval (at 15.24 -10.16) (size 1.524 2.524) (drill 0.8) (layers *.Cu *.Mask)
      (net 5 /SEG_B))
    (pad 7 thru_hole oval (at 15.24 -7.62) (size 1.524 2.524) (drill 0.8) (layers *.Cu *.Mask)
      (net 6 /SEG_A))
    (pad 8 thru_hole oval (at 15.24 -5.08) (size 1.524 2.524) (drill 0.8) (layers *.Cu *.Mask))
    (pad 9 thru_hole oval (at 15.24 -2.54) (size 1.524 2.524) (drill 0.8) (layers *.Cu *.Mask)
      (net 20 /SEG_F))
    (pad 10 thru_hole oval (at 15.24 0) (size 1.524 2.524) (drill 0.8) (layers *.Cu *.Mask)
      (net 21 /SEG_G))
    (model ${KISYS3DMOD}/Display_7Segment.3dshapes/7SegmentLED_LTS6760_LTS6780.wrl
      (at (xyz 0 0 0))
      (scale (xyz 1 1 1))
      (rotate (xyz 0 0 0))
    )
  )

  (module Display_7Segment:7SegmentLED_LTS6760_LTS6780 (layer B.Cu) (tedit 5BE69100) (tstamp 5F048868)
    (at 112.776 90.17 270)
    (descr "7-Segment Display, LTS67x0, http://optoelectronics.liteon.com/upload/download/DS30-2001-355/S6760jd.pdf")
    (tags "7Segment LED LTS6760 LTS6780")
    (path /5EFFD138)
    (fp_text reference AFF2 (at 12.954 -5.08) (layer B.SilkS)
      (effects (font (size 1 1) (thickness 0.15)) (justify mirror))
    )
    (fp_text value LTS-6980HR (at 7.62 -12.58 270) (layer B.Fab)
      (effects (font (size 1 1) (thickness 0.15)) (justify mirror))
    )
    (fp_line (start -1.88 0.17) (end -1.88 -11.33) (layer B.Fab) (width 0.1))
    (fp_line (start -0.88 1.17) (end -1.88 0.17) (layer B.Fab) (width 0.1))
    (fp_line (start 17.12 1.17) (end -0.88 1.17) (layer B.Fab) (width 0.1))
    (fp_line (start 17.12 -11.33) (end 17.12 1.17) (layer B.Fab) (width 0.1))
    (fp_line (start -1.88 -11.33) (end 17.12 -11.33) (layer B.Fab) (width 0.1))
    (fp_circle (center 2.62 -9.08) (end 2.42 -9.48) (layer B.SilkS) (width 0.15))
    (fp_line (start 17.22 1.22) (end 17.22 -11.38) (layer B.SilkS) (width 0.15))
    (fp_line (start 13.32 -11.38) (end 1.92 -11.38) (layer B.SilkS) (width 0.15))
    (fp_line (start 13.32 1.22) (end 1.92 1.22) (layer B.SilkS) (width 0.15))
    (fp_line (start -1.98 -11.38) (end -1.98 1.22) (layer B.SilkS) (width 0.15))
    (fp_line (start 12.62 -2.08) (end 12.62 -9.08) (layer B.SilkS) (width 0.15))
    (fp_line (start 7.62 -8.08) (end 7.62 -1.08) (layer B.SilkS) (width 0.15))
    (fp_line (start 12.62 -9.08) (end 7.62 -8.08) (layer B.SilkS) (width 0.15))
    (fp_line (start 2.62 -7.08) (end 7.62 -8.08) (layer B.SilkS) (width 0.15))
    (fp_line (start 2.62 -0.08) (end 2.62 -7.08) (layer B.SilkS) (width 0.15))
    (fp_line (start 7.62 -1.08) (end 2.62 -0.08) (layer B.SilkS) (width 0.15))
    (fp_line (start 12.62 -2.08) (end 7.62 -1.08) (layer B.SilkS) (width 0.15))
    (fp_text user %R (at 7.87 -5.08 270) (layer B.Fab)
      (effects (font (size 1 1) (thickness 0.15)) (justify mirror))
    )
    (fp_line (start 17.62 1.67) (end 17.62 -11.83) (layer B.CrtYd) (width 0.05))
    (fp_line (start 17.62 -11.83) (end -2.38 -11.83) (layer B.CrtYd) (width 0.05))
    (fp_line (start -2.38 -11.83) (end -2.38 1.67) (layer B.CrtYd) (width 0.05))
    (fp_line (start -2.38 1.67) (end 17.62 1.67) (layer B.CrtYd) (width 0.05))
    (pad 10 thru_hole oval (at 15.24 0) (size 1.524 2.524) (drill 0.8) (layers *.Cu *.Mask)
      (net 21 /SEG_G))
    (pad 9 thru_hole oval (at 15.24 -2.54) (size 1.524 2.524) (drill 0.8) (layers *.Cu *.Mask)
      (net 20 /SEG_F))
    (pad 8 thru_hole oval (at 15.24 -5.08) (size 1.524 2.524) (drill 0.8) (layers *.Cu *.Mask))
    (pad 7 thru_hole oval (at 15.24 -7.62) (size 1.524 2.524) (drill 0.8) (layers *.Cu *.Mask)
      (net 6 /SEG_A))
    (pad 6 thru_hole oval (at 15.24 -10.16) (size 1.524 2.524) (drill 0.8) (layers *.Cu *.Mask)
      (net 5 /SEG_B))
    (pad 5 thru_hole oval (at 0 -10.16) (size 1.524 2.524) (drill 0.8) (layers *.Cu *.Mask)
      (net 19 /SEG_DP))
    (pad 4 thru_hole oval (at 0 -7.62) (size 1.524 2.524) (drill 0.8) (layers *.Cu *.Mask)
      (net 4 /SEG_C))
    (pad 3 thru_hole oval (at 0 -5.08) (size 1.524 2.524) (drill 0.8) (layers *.Cu *.Mask)
      (net 7 "Net-(AFF2-Pad3)"))
    (pad 2 thru_hole oval (at 0 -2.54) (size 1.524 2.524) (drill 0.8) (layers *.Cu *.Mask)
      (net 2 /SEG_D))
    (pad 1 thru_hole rect (at 0 0) (size 1.524 2.524) (drill 0.8) (layers *.Cu *.Mask)
      (net 1 /SEG_E))
    (model ${KISYS3DMOD}/Display_7Segment.3dshapes/7SegmentLED_LTS6760_LTS6780.wrl
      (at (xyz 0 0 0))
      (scale (xyz 1 1 1))
      (rotate (xyz 0 0 0))
    )
  )

  (module Display_7Segment:7SegmentLED_LTS6760_LTS6780 (layer B.Cu) (tedit 5BE69100) (tstamp 5F04888C)
    (at 126.746 90.17 270)
    (descr "7-Segment Display, LTS67x0, http://optoelectronics.liteon.com/upload/download/DS30-2001-355/S6760jd.pdf")
    (tags "7Segment LED LTS6760 LTS6780")
    (path /5EFFD197)
    (fp_text reference AFF3 (at 7.62 2.42 270) (layer B.SilkS)
      (effects (font (size 1 1) (thickness 0.15)) (justify mirror))
    )
    (fp_text value LTS-6980HR (at 7.62 -12.58 270) (layer B.Fab)
      (effects (font (size 1 1) (thickness 0.15)) (justify mirror))
    )
    (fp_line (start -2.38 1.67) (end 17.62 1.67) (layer B.CrtYd) (width 0.05))
    (fp_line (start -2.38 -11.83) (end -2.38 1.67) (layer B.CrtYd) (width 0.05))
    (fp_line (start 17.62 -11.83) (end -2.38 -11.83) (layer B.CrtYd) (width 0.05))
    (fp_line (start 17.62 1.67) (end 17.62 -11.83) (layer B.CrtYd) (width 0.05))
    (fp_text user %R (at 7.87 -5.08 270) (layer B.Fab)
      (effects (font (size 1 1) (thickness 0.15)) (justify mirror))
    )
    (fp_line (start 12.62 -2.08) (end 7.62 -1.08) (layer B.SilkS) (width 0.15))
    (fp_line (start 7.62 -1.08) (end 2.62 -0.08) (layer B.SilkS) (width 0.15))
    (fp_line (start 2.62 -0.08) (end 2.62 -7.08) (layer B.SilkS) (width 0.15))
    (fp_line (start 2.62 -7.08) (end 7.62 -8.08) (layer B.SilkS) (width 0.15))
    (fp_line (start 12.62 -9.08) (end 7.62 -8.08) (layer B.SilkS) (width 0.15))
    (fp_line (start 7.62 -8.08) (end 7.62 -1.08) (layer B.SilkS) (width 0.15))
    (fp_line (start 12.62 -2.08) (end 12.62 -9.08) (layer B.SilkS) (width 0.15))
    (fp_line (start -1.98 -11.38) (end -1.98 1.22) (layer B.SilkS) (width 0.15))
    (fp_line (start 13.32 1.22) (end 1.92 1.22) (layer B.SilkS) (width 0.15))
    (fp_line (start 13.32 -11.38) (end 1.92 -11.38) (layer B.SilkS) (width 0.15))
    (fp_line (start 17.22 1.22) (end 17.22 -11.38) (layer B.SilkS) (width 0.15))
    (fp_circle (center 2.62 -9.08) (end 2.42 -9.48) (layer B.SilkS) (width 0.15))
    (fp_line (start -1.88 -11.33) (end 17.12 -11.33) (layer B.Fab) (width 0.1))
    (fp_line (start 17.12 -11.33) (end 17.12 1.17) (layer B.Fab) (width 0.1))
    (fp_line (start 17.12 1.17) (end -0.88 1.17) (layer B.Fab) (width 0.1))
    (fp_line (start -0.88 1.17) (end -1.88 0.17) (layer B.Fab) (width 0.1))
    (fp_line (start -1.88 0.17) (end -1.88 -11.33) (layer B.Fab) (width 0.1))
    (pad 1 thru_hole rect (at 0 0) (size 1.524 2.524) (drill 0.8) (layers *.Cu *.Mask)
      (net 1 /SEG_E))
    (pad 2 thru_hole oval (at 0 -2.54) (size 1.524 2.524) (drill 0.8) (layers *.Cu *.Mask)
      (net 2 /SEG_D))
    (pad 3 thru_hole oval (at 0 -5.08) (size 1.524 2.524) (drill 0.8) (layers *.Cu *.Mask)
      (net 8 "Net-(AFF3-Pad3)"))
    (pad 4 thru_hole oval (at 0 -7.62) (size 1.524 2.524) (drill 0.8) (layers *.Cu *.Mask)
      (net 4 /SEG_C))
    (pad 5 thru_hole oval (at 0 -10.16) (size 1.524 2.524) (drill 0.8) (layers *.Cu *.Mask)
      (net 19 /SEG_DP))
    (pad 6 thru_hole oval (at 15.24 -10.16) (size 1.524 2.524) (drill 0.8) (layers *.Cu *.Mask)
      (net 5 /SEG_B))
    (pad 7 thru_hole oval (at 15.24 -7.62) (size 1.524 2.524) (drill 0.8) (layers *.Cu *.Mask)
      (net 6 /SEG_A))
    (pad 8 thru_hole oval (at 15.24 -5.08) (size 1.524 2.524) (drill 0.8) (layers *.Cu *.Mask))
    (pad 9 thru_hole oval (at 15.24 -2.54) (size 1.524 2.524) (drill 0.8) (layers *.Cu *.Mask)
      (net 20 /SEG_F))
    (pad 10 thru_hole oval (at 15.24 0) (size 1.524 2.524) (drill 0.8) (layers *.Cu *.Mask)
      (net 21 /SEG_G))
    (model ${KISYS3DMOD}/Display_7Segment.3dshapes/7SegmentLED_LTS6760_LTS6780.wrl
      (at (xyz 0 0 0))
      (scale (xyz 1 1 1))
      (rotate (xyz 0 0 0))
    )
  )

  (module Capacitor_Tantalum_SMD:CP_EIA-3216-18_Kemet-A_Pad1.58x1.35mm_HandSolder (layer F.Cu) (tedit 5B301BBE) (tstamp 5F0488C3)
    (at 99.314 95.758)
    (descr "Tantalum Capacitor SMD Kemet-A (3216-18 Metric), IPC_7351 nominal, (Body size from: http://www.kemet.com/Lists/ProductCatalog/Attachments/253/KEM_TC101_STD.pdf), generated with kicad-footprint-generator")
    (tags "capacitor tantalum")
    (path /5EE918BD)
    (attr smd)
    (fp_text reference C1 (at 3.556 0) (layer F.SilkS)
      (effects (font (size 1 1) (thickness 0.15)))
    )
    (fp_text value 10u (at 0 1.75) (layer F.Fab)
      (effects (font (size 1 1) (thickness 0.15)))
    )
    (fp_line (start 1.6 -0.8) (end -1.2 -0.8) (layer F.Fab) (width 0.1))
    (fp_line (start -1.2 -0.8) (end -1.6 -0.4) (layer F.Fab) (width 0.1))
    (fp_line (start -1.6 -0.4) (end -1.6 0.8) (layer F.Fab) (width 0.1))
    (fp_line (start -1.6 0.8) (end 1.6 0.8) (layer F.Fab) (width 0.1))
    (fp_line (start 1.6 0.8) (end 1.6 -0.8) (layer F.Fab) (width 0.1))
    (fp_line (start 1.6 -0.935) (end -2.485 -0.935) (layer F.SilkS) (width 0.12))
    (fp_line (start -2.485 -0.935) (end -2.485 0.935) (layer F.SilkS) (width 0.12))
    (fp_line (start -2.485 0.935) (end 1.6 0.935) (layer F.SilkS) (width 0.12))
    (fp_line (start -2.48 1.05) (end -2.48 -1.05) (layer F.CrtYd) (width 0.05))
    (fp_line (start -2.48 -1.05) (end 2.48 -1.05) (layer F.CrtYd) (width 0.05))
    (fp_line (start 2.48 -1.05) (end 2.48 1.05) (layer F.CrtYd) (width 0.05))
    (fp_line (start 2.48 1.05) (end -2.48 1.05) (layer F.CrtYd) (width 0.05))
    (fp_text user %R (at 0 0) (layer F.Fab)
      (effects (font (size 0.8 0.8) (thickness 0.12)))
    )
    (pad 1 smd roundrect (at -1.4375 0) (size 1.575 1.35) (layers F.Cu F.Paste F.Mask) (roundrect_rratio 0.185185)
      (net 9 VCC))
    (pad 2 smd roundrect (at 1.4375 0) (size 1.575 1.35) (layers F.Cu F.Paste F.Mask) (roundrect_rratio 0.185185)
      (net 10 GND))
    (model ${KISYS3DMOD}/Capacitor_Tantalum_SMD.3dshapes/CP_EIA-3216-18_Kemet-A.wrl
      (at (xyz 0 0 0))
      (scale (xyz 1 1 1))
      (rotate (xyz 0 0 0))
    )
  )

  (module Capacitor_SMD:C_0805_2012Metric_Pad1.15x1.40mm_HandSolder (layer F.Cu) (tedit 5B36C52B) (tstamp 5EF88EF5)
    (at 98.797 93.472)
    (descr "Capacitor SMD 0805 (2012 Metric), square (rectangular) end terminal, IPC_7351 nominal with elongated pad for handsoldering. (Body size source: https://docs.google.com/spreadsheets/d/1BsfQQcO9C6DZCsRaXUlFlo91Tg2WpOkGARC1WS5S8t0/edit?usp=sharing), generated with kicad-footprint-generator")
    (tags "capacitor handsolder")
    (path /5EE917D5)
    (attr smd)
    (fp_text reference C2 (at 3.048 0) (layer F.SilkS)
      (effects (font (size 1 1) (thickness 0.15)))
    )
    (fp_text value 100n (at 0 1.65) (layer F.Fab)
      (effects (font (size 1 1) (thickness 0.15)))
    )
    (fp_line (start -1 0.6) (end -1 -0.6) (layer F.Fab) (width 0.1))
    (fp_line (start -1 -0.6) (end 1 -0.6) (layer F.Fab) (width 0.1))
    (fp_line (start 1 -0.6) (end 1 0.6) (layer F.Fab) (width 0.1))
    (fp_line (start 1 0.6) (end -1 0.6) (layer F.Fab) (width 0.1))
    (fp_line (start -0.261252 -0.71) (end 0.261252 -0.71) (layer F.SilkS) (width 0.12))
    (fp_line (start -0.261252 0.71) (end 0.261252 0.71) (layer F.SilkS) (width 0.12))
    (fp_line (start -1.85 0.95) (end -1.85 -0.95) (layer F.CrtYd) (width 0.05))
    (fp_line (start -1.85 -0.95) (end 1.85 -0.95) (layer F.CrtYd) (width 0.05))
    (fp_line (start 1.85 -0.95) (end 1.85 0.95) (layer F.CrtYd) (width 0.05))
    (fp_line (start 1.85 0.95) (end -1.85 0.95) (layer F.CrtYd) (width 0.05))
    (fp_text user %R (at 0 0) (layer F.Fab)
      (effects (font (size 0.5 0.5) (thickness 0.08)))
    )
    (pad 1 smd roundrect (at -1.025 0) (size 1.15 1.4) (layers F.Cu F.Paste F.Mask) (roundrect_rratio 0.217391)
      (net 9 VCC))
    (pad 2 smd roundrect (at 1.025 0) (size 1.15 1.4) (layers F.Cu F.Paste F.Mask) (roundrect_rratio 0.217391)
      (net 10 GND))
    (model ${KISYS3DMOD}/Capacitor_SMD.3dshapes/C_0805_2012Metric.wrl
      (at (xyz 0 0 0))
      (scale (xyz 1 1 1))
      (rotate (xyz 0 0 0))
    )
  )

  (module Capacitor_SMD:C_0805_2012Metric_Pad1.15x1.40mm_HandSolder (layer F.Cu) (tedit 5B36C52B) (tstamp 5F0488E5)
    (at 98.561 100.584)
    (descr "Capacitor SMD 0805 (2012 Metric), square (rectangular) end terminal, IPC_7351 nominal with elongated pad for handsoldering. (Body size source: https://docs.google.com/spreadsheets/d/1BsfQQcO9C6DZCsRaXUlFlo91Tg2WpOkGARC1WS5S8t0/edit?usp=sharing), generated with kicad-footprint-generator")
    (tags "capacitor handsolder")
    (path /5EE901A2)
    (attr smd)
    (fp_text reference C4 (at 3.039 0) (layer F.SilkS)
      (effects (font (size 1 1) (thickness 0.15)))
    )
    (fp_text value 22p (at 0 1.65) (layer F.Fab)
      (effects (font (size 1 1) (thickness 0.15)))
    )
    (fp_text user %R (at 0 0) (layer F.Fab)
      (effects (font (size 0.5 0.5) (thickness 0.08)))
    )
    (fp_line (start 1.85 0.95) (end -1.85 0.95) (layer F.CrtYd) (width 0.05))
    (fp_line (start 1.85 -0.95) (end 1.85 0.95) (layer F.CrtYd) (width 0.05))
    (fp_line (start -1.85 -0.95) (end 1.85 -0.95) (layer F.CrtYd) (width 0.05))
    (fp_line (start -1.85 0.95) (end -1.85 -0.95) (layer F.CrtYd) (width 0.05))
    (fp_line (start -0.261252 0.71) (end 0.261252 0.71) (layer F.SilkS) (width 0.12))
    (fp_line (start -0.261252 -0.71) (end 0.261252 -0.71) (layer F.SilkS) (width 0.12))
    (fp_line (start 1 0.6) (end -1 0.6) (layer F.Fab) (width 0.1))
    (fp_line (start 1 -0.6) (end 1 0.6) (layer F.Fab) (width 0.1))
    (fp_line (start -1 -0.6) (end 1 -0.6) (layer F.Fab) (width 0.1))
    (fp_line (start -1 0.6) (end -1 -0.6) (layer F.Fab) (width 0.1))
    (pad 2 smd roundrect (at 1.025 0) (size 1.15 1.4) (layers F.Cu F.Paste F.Mask) (roundrect_rratio 0.217391)
      (net 10 GND))
    (pad 1 smd roundrect (at -1.025 0) (size 1.15 1.4) (layers F.Cu F.Paste F.Mask) (roundrect_rratio 0.217391)
      (net 11 "Net-(C4-Pad1)"))
    (model ${KISYS3DMOD}/Capacitor_SMD.3dshapes/C_0805_2012Metric.wrl
      (at (xyz 0 0 0))
      (scale (xyz 1 1 1))
      (rotate (xyz 0 0 0))
    )
  )

  (module Connector_PinHeader_2.54mm:PinHeader_1x06_P2.54mm_Vertical (layer F.Cu) (tedit 59FED5CC) (tstamp 5F048912)
    (at 140.716 90.932)
    (descr "Through hole straight pin header, 1x06, 2.54mm pitch, single row")
    (tags "Through hole pin header THT 1x06 2.54mm single row")
    (path /5EE8F0E9)
    (fp_text reference J1 (at 0 -2.33) (layer F.SilkS)
      (effects (font (size 1 1) (thickness 0.15)))
    )
    (fp_text value ICSP (at 0 15.03) (layer F.Fab)
      (effects (font (size 1 1) (thickness 0.15)))
    )
    (fp_line (start -0.635 -1.27) (end 1.27 -1.27) (layer F.Fab) (width 0.1))
    (fp_line (start 1.27 -1.27) (end 1.27 13.97) (layer F.Fab) (width 0.1))
    (fp_line (start 1.27 13.97) (end -1.27 13.97) (layer F.Fab) (width 0.1))
    (fp_line (start -1.27 13.97) (end -1.27 -0.635) (layer F.Fab) (width 0.1))
    (fp_line (start -1.27 -0.635) (end -0.635 -1.27) (layer F.Fab) (width 0.1))
    (fp_line (start -1.33 14.03) (end 1.33 14.03) (layer F.SilkS) (width 0.12))
    (fp_line (start -1.33 1.27) (end -1.33 14.03) (layer F.SilkS) (width 0.12))
    (fp_line (start 1.33 1.27) (end 1.33 14.03) (layer F.SilkS) (width 0.12))
    (fp_line (start -1.33 1.27) (end 1.33 1.27) (layer F.SilkS) (width 0.12))
    (fp_line (start -1.33 0) (end -1.33 -1.33) (layer F.SilkS) (width 0.12))
    (fp_line (start -1.33 -1.33) (end 0 -1.33) (layer F.SilkS) (width 0.12))
    (fp_line (start -1.8 -1.8) (end -1.8 14.5) (layer F.CrtYd) (width 0.05))
    (fp_line (start -1.8 14.5) (end 1.8 14.5) (layer F.CrtYd) (width 0.05))
    (fp_line (start 1.8 14.5) (end 1.8 -1.8) (layer F.CrtYd) (width 0.05))
    (fp_line (start 1.8 -1.8) (end -1.8 -1.8) (layer F.CrtYd) (width 0.05))
    (fp_text user %R (at 0 6.35 90) (layer F.Fab)
      (effects (font (size 1 1) (thickness 0.15)))
    )
    (pad 1 thru_hole rect (at 0 0) (size 1.7 1.7) (drill 1) (layers *.Cu *.Mask)
      (net 12 "Net-(J1-Pad1)"))
    (pad 2 thru_hole oval (at 0 2.54) (size 1.7 1.7) (drill 1) (layers *.Cu *.Mask)
      (net 9 VCC))
    (pad 3 thru_hole oval (at 0 5.08) (size 1.7 1.7) (drill 1) (layers *.Cu *.Mask)
      (net 10 GND))
    (pad 4 thru_hole oval (at 0 7.62) (size 1.7 1.7) (drill 1) (layers *.Cu *.Mask)
      (net 18 /PGD))
    (pad 5 thru_hole oval (at 0 10.16) (size 1.7 1.7) (drill 1) (layers *.Cu *.Mask)
      (net 17 /PGC))
    (pad 6 thru_hole oval (at 0 12.7) (size 1.7 1.7) (drill 1) (layers *.Cu *.Mask))
    (model ${KISYS3DMOD}/Connector_PinHeader_2.54mm.3dshapes/PinHeader_1x06_P2.54mm_Vertical.wrl
      (at (xyz 0 0 0))
      (scale (xyz 1 1 1))
      (rotate (xyz 0 0 0))
    )
  )

  (module Package_TO_SOT_SMD:SOT-23 (layer B.Cu) (tedit 5A02FF57) (tstamp 5F048927)
    (at 103.886 94.488 90)
    (descr "SOT-23, Standard")
    (tags SOT-23)
    (path /5F080DDE)
    (attr smd)
    (fp_text reference Q1 (at 0 2.5 90) (layer B.SilkS)
      (effects (font (size 1 1) (thickness 0.15)) (justify mirror))
    )
    (fp_text value 2N7002 (at 0 -2.5 90) (layer B.Fab)
      (effects (font (size 1 1) (thickness 0.15)) (justify mirror))
    )
    (fp_text user %R (at 0 0) (layer B.Fab)
      (effects (font (size 0.5 0.5) (thickness 0.075)) (justify mirror))
    )
    (fp_line (start -0.7 0.95) (end -0.7 -1.5) (layer B.Fab) (width 0.1))
    (fp_line (start -0.15 1.52) (end 0.7 1.52) (layer B.Fab) (width 0.1))
    (fp_line (start -0.7 0.95) (end -0.15 1.52) (layer B.Fab) (width 0.1))
    (fp_line (start 0.7 1.52) (end 0.7 -1.52) (layer B.Fab) (width 0.1))
    (fp_line (start -0.7 -1.52) (end 0.7 -1.52) (layer B.Fab) (width 0.1))
    (fp_line (start 0.76 -1.58) (end 0.76 -0.65) (layer B.SilkS) (width 0.12))
    (fp_line (start 0.76 1.58) (end 0.76 0.65) (layer B.SilkS) (width 0.12))
    (fp_line (start -1.7 1.75) (end 1.7 1.75) (layer B.CrtYd) (width 0.05))
    (fp_line (start 1.7 1.75) (end 1.7 -1.75) (layer B.CrtYd) (width 0.05))
    (fp_line (start 1.7 -1.75) (end -1.7 -1.75) (layer B.CrtYd) (width 0.05))
    (fp_line (start -1.7 -1.75) (end -1.7 1.75) (layer B.CrtYd) (width 0.05))
    (fp_line (start 0.76 1.58) (end -1.4 1.58) (layer B.SilkS) (width 0.12))
    (fp_line (start 0.76 -1.58) (end -0.7 -1.58) (layer B.SilkS) (width 0.12))
    (pad 1 smd rect (at -1 0.95 90) (size 0.9 0.8) (layers B.Cu B.Paste B.Mask)
      (net 13 /DIG_0))
    (pad 2 smd rect (at -1 -0.95 90) (size 0.9 0.8) (layers B.Cu B.Paste B.Mask)
      (net 10 GND))
    (pad 3 smd rect (at 1 0 90) (size 0.9 0.8) (layers B.Cu B.Paste B.Mask)
      (net 3 "Net-(AFF1-Pad3)"))
    (model ${KISYS3DMOD}/Package_TO_SOT_SMD.3dshapes/SOT-23.wrl
      (at (xyz 0 0 0))
      (scale (xyz 1 1 1))
      (rotate (xyz 0 0 0))
    )
  )

  (module Package_TO_SOT_SMD:SOT-23 (layer B.Cu) (tedit 5A02FF57) (tstamp 5F04893C)
    (at 117.856 94.488 90)
    (descr "SOT-23, Standard")
    (tags SOT-23)
    (path /5F08FE70)
    (attr smd)
    (fp_text reference Q2 (at 0 2.5 90) (layer B.SilkS)
      (effects (font (size 1 1) (thickness 0.15)) (justify mirror))
    )
    (fp_text value 2N7002 (at 0 -2.5 90) (layer B.Fab)
      (effects (font (size 1 1) (thickness 0.15)) (justify mirror))
    )
    (fp_line (start 0.76 -1.58) (end -0.7 -1.58) (layer B.SilkS) (width 0.12))
    (fp_line (start 0.76 1.58) (end -1.4 1.58) (layer B.SilkS) (width 0.12))
    (fp_line (start -1.7 -1.75) (end -1.7 1.75) (layer B.CrtYd) (width 0.05))
    (fp_line (start 1.7 -1.75) (end -1.7 -1.75) (layer B.CrtYd) (width 0.05))
    (fp_line (start 1.7 1.75) (end 1.7 -1.75) (layer B.CrtYd) (width 0.05))
    (fp_line (start -1.7 1.75) (end 1.7 1.75) (layer B.CrtYd) (width 0.05))
    (fp_line (start 0.76 1.58) (end 0.76 0.65) (layer B.SilkS) (width 0.12))
    (fp_line (start 0.76 -1.58) (end 0.76 -0.65) (layer B.SilkS) (width 0.12))
    (fp_line (start -0.7 -1.52) (end 0.7 -1.52) (layer B.Fab) (width 0.1))
    (fp_line (start 0.7 1.52) (end 0.7 -1.52) (layer B.Fab) (width 0.1))
    (fp_line (start -0.7 0.95) (end -0.15 1.52) (layer B.Fab) (width 0.1))
    (fp_line (start -0.15 1.52) (end 0.7 1.52) (layer B.Fab) (width 0.1))
    (fp_line (start -0.7 0.95) (end -0.7 -1.5) (layer B.Fab) (width 0.1))
    (fp_text user %R (at 0 0) (layer B.Fab)
      (effects (font (size 0.5 0.5) (thickness 0.075)) (justify mirror))
    )
    (pad 3 smd rect (at 1 0 90) (size 0.9 0.8) (layers B.Cu B.Paste B.Mask)
      (net 7 "Net-(AFF2-Pad3)"))
    (pad 2 smd rect (at -1 -0.95 90) (size 0.9 0.8) (layers B.Cu B.Paste B.Mask)
      (net 10 GND))
    (pad 1 smd rect (at -1 0.95 90) (size 0.9 0.8) (layers B.Cu B.Paste B.Mask)
      (net 14 /DIG_1))
    (model ${KISYS3DMOD}/Package_TO_SOT_SMD.3dshapes/SOT-23.wrl
      (at (xyz 0 0 0))
      (scale (xyz 1 1 1))
      (rotate (xyz 0 0 0))
    )
  )

  (module Package_TO_SOT_SMD:SOT-23 (layer B.Cu) (tedit 5A02FF57) (tstamp 5F048951)
    (at 131.826 94.25 90)
    (descr "SOT-23, Standard")
    (tags SOT-23)
    (path /5F095172)
    (attr smd)
    (fp_text reference Q3 (at 0 2.5 90) (layer B.SilkS)
      (effects (font (size 1 1) (thickness 0.15)) (justify mirror))
    )
    (fp_text value 2N7002 (at 0 -2.5 90) (layer B.Fab)
      (effects (font (size 1 1) (thickness 0.15)) (justify mirror))
    )
    (fp_text user %R (at 0 0) (layer B.Fab)
      (effects (font (size 0.5 0.5) (thickness 0.075)) (justify mirror))
    )
    (fp_line (start -0.7 0.95) (end -0.7 -1.5) (layer B.Fab) (width 0.1))
    (fp_line (start -0.15 1.52) (end 0.7 1.52) (layer B.Fab) (width 0.1))
    (fp_line (start -0.7 0.95) (end -0.15 1.52) (layer B.Fab) (width 0.1))
    (fp_line (start 0.7 1.52) (end 0.7 -1.52) (layer B.Fab) (width 0.1))
    (fp_line (start -0.7 -1.52) (end 0.7 -1.52) (layer B.Fab) (width 0.1))
    (fp_line (start 0.76 -1.58) (end 0.76 -0.65) (layer B.SilkS) (width 0.12))
    (fp_line (start 0.76 1.58) (end 0.76 0.65) (layer B.SilkS) (width 0.12))
    (fp_line (start -1.7 1.75) (end 1.7 1.75) (layer B.CrtYd) (width 0.05))
    (fp_line (start 1.7 1.75) (end 1.7 -1.75) (layer B.CrtYd) (width 0.05))
    (fp_line (start 1.7 -1.75) (end -1.7 -1.75) (layer B.CrtYd) (width 0.05))
    (fp_line (start -1.7 -1.75) (end -1.7 1.75) (layer B.CrtYd) (width 0.05))
    (fp_line (start 0.76 1.58) (end -1.4 1.58) (layer B.SilkS) (width 0.12))
    (fp_line (start 0.76 -1.58) (end -0.7 -1.58) (layer B.SilkS) (width 0.12))
    (pad 1 smd rect (at -1 0.95 90) (size 0.9 0.8) (layers B.Cu B.Paste B.Mask)
      (net 15 /DIG_2))
    (pad 2 smd rect (at -1 -0.95 90) (size 0.9 0.8) (layers B.Cu B.Paste B.Mask)
      (net 10 GND))
    (pad 3 smd rect (at 1 0 90) (size 0.9 0.8) (layers B.Cu B.Paste B.Mask)
      (net 8 "Net-(AFF3-Pad3)"))
    (model ${KISYS3DMOD}/Package_TO_SOT_SMD.3dshapes/SOT-23.wrl
      (at (xyz 0 0 0))
      (scale (xyz 1 1 1))
      (rotate (xyz 0 0 0))
    )
  )

  (module Resistor_SMD:R_0603_1608Metric_Pad1.05x0.95mm_HandSolder (layer F.Cu) (tedit 5B301BBD) (tstamp 5F048977)
    (at 98.298 102.616)
    (descr "Resistor SMD 0603 (1608 Metric), square (rectangular) end terminal, IPC_7351 nominal with elongated pad for handsoldering. (Body size source: http://www.tortai-tech.com/upload/download/2011102023233369053.pdf), generated with kicad-footprint-generator")
    (tags "resistor handsolder")
    (path /5EE8FBE1)
    (attr smd)
    (fp_text reference R1 (at 2.794 0) (layer F.SilkS)
      (effects (font (size 1 1) (thickness 0.15)))
    )
    (fp_text value 10K (at 0 1.43) (layer F.Fab)
      (effects (font (size 1 1) (thickness 0.15)))
    )
    (fp_line (start -0.8 0.4) (end -0.8 -0.4) (layer F.Fab) (width 0.1))
    (fp_line (start -0.8 -0.4) (end 0.8 -0.4) (layer F.Fab) (width 0.1))
    (fp_line (start 0.8 -0.4) (end 0.8 0.4) (layer F.Fab) (width 0.1))
    (fp_line (start 0.8 0.4) (end -0.8 0.4) (layer F.Fab) (width 0.1))
    (fp_line (start -0.171267 -0.51) (end 0.171267 -0.51) (layer F.SilkS) (width 0.12))
    (fp_line (start -0.171267 0.51) (end 0.171267 0.51) (layer F.SilkS) (width 0.12))
    (fp_line (start -1.65 0.73) (end -1.65 -0.73) (layer F.CrtYd) (width 0.05))
    (fp_line (start -1.65 -0.73) (end 1.65 -0.73) (layer F.CrtYd) (width 0.05))
    (fp_line (start 1.65 -0.73) (end 1.65 0.73) (layer F.CrtYd) (width 0.05))
    (fp_line (start 1.65 0.73) (end -1.65 0.73) (layer F.CrtYd) (width 0.05))
    (fp_text user %R (at 0 0) (layer F.Fab)
      (effects (font (size 0.4 0.4) (thickness 0.06)))
    )
    (pad 1 smd roundrect (at -0.875 0) (size 1.05 0.95) (layers F.Cu F.Paste F.Mask) (roundrect_rratio 0.25)
      (net 9 VCC))
    (pad 2 smd roundrect (at 0.875 0) (size 1.05 0.95) (layers F.Cu F.Paste F.Mask) (roundrect_rratio 0.25)
      (net 12 "Net-(J1-Pad1)"))
    (model ${KISYS3DMOD}/Resistor_SMD.3dshapes/R_0603_1608Metric.wrl
      (at (xyz 0 0 0))
      (scale (xyz 1 1 1))
      (rotate (xyz 0 0 0))
    )
  )

  (module Resistor_SMD:R_0603_1608Metric_Pad1.05x0.95mm_HandSolder (layer F.Cu) (tedit 5B301BBD) (tstamp 5F049C05)
    (at 98.411 98.552)
    (descr "Resistor SMD 0603 (1608 Metric), square (rectangular) end terminal, IPC_7351 nominal with elongated pad for handsoldering. (Body size source: http://www.tortai-tech.com/upload/download/2011102023233369053.pdf), generated with kicad-footprint-generator")
    (tags "resistor handsolder")
    (path /5F0115A5)
    (attr smd)
    (fp_text reference R3 (at 2.794 0) (layer F.SilkS)
      (effects (font (size 1 1) (thickness 0.15)))
    )
    (fp_text value 10K (at 0 1.43) (layer F.Fab)
      (effects (font (size 1 1) (thickness 0.15)))
    )
    (fp_line (start -0.8 0.4) (end -0.8 -0.4) (layer F.Fab) (width 0.1))
    (fp_line (start -0.8 -0.4) (end 0.8 -0.4) (layer F.Fab) (width 0.1))
    (fp_line (start 0.8 -0.4) (end 0.8 0.4) (layer F.Fab) (width 0.1))
    (fp_line (start 0.8 0.4) (end -0.8 0.4) (layer F.Fab) (width 0.1))
    (fp_line (start -0.171267 -0.51) (end 0.171267 -0.51) (layer F.SilkS) (width 0.12))
    (fp_line (start -0.171267 0.51) (end 0.171267 0.51) (layer F.SilkS) (width 0.12))
    (fp_line (start -1.65 0.73) (end -1.65 -0.73) (layer F.CrtYd) (width 0.05))
    (fp_line (start -1.65 -0.73) (end 1.65 -0.73) (layer F.CrtYd) (width 0.05))
    (fp_line (start 1.65 -0.73) (end 1.65 0.73) (layer F.CrtYd) (width 0.05))
    (fp_line (start 1.65 0.73) (end -1.65 0.73) (layer F.CrtYd) (width 0.05))
    (fp_text user %R (at 0 0) (layer F.Fab)
      (effects (font (size 0.4 0.4) (thickness 0.06)))
    )
    (pad 1 smd roundrect (at -0.875 0) (size 1.05 0.95) (layers F.Cu F.Paste F.Mask) (roundrect_rratio 0.25)
      (net 9 VCC))
    (pad 2 smd roundrect (at 0.875 0) (size 1.05 0.95) (layers F.Cu F.Paste F.Mask) (roundrect_rratio 0.25)
      (net 11 "Net-(C4-Pad1)"))
    (model ${KISYS3DMOD}/Resistor_SMD.3dshapes/R_0603_1608Metric.wrl
      (at (xyz 0 0 0))
      (scale (xyz 1 1 1))
      (rotate (xyz 0 0 0))
    )
  )

  (module Resistor_SMD:R_0603_1608Metric_Pad1.05x0.95mm_HandSolder (layer F.Cu) (tedit 5B301BBD) (tstamp 5F0498DE)
    (at 120.396 100.838 90)
    (descr "Resistor SMD 0603 (1608 Metric), square (rectangular) end terminal, IPC_7351 nominal with elongated pad for handsoldering. (Body size source: http://www.tortai-tech.com/upload/download/2011102023233369053.pdf), generated with kicad-footprint-generator")
    (tags "resistor handsolder")
    (path /5F03DC97)
    (attr smd)
    (fp_text reference R4 (at 2.653 0 90) (layer F.SilkS)
      (effects (font (size 1 1) (thickness 0.15)))
    )
    (fp_text value 100 (at 0 1.43 90) (layer F.Fab)
      (effects (font (size 1 1) (thickness 0.15)))
    )
    (fp_text user %R (at 0 0 90) (layer F.Fab)
      (effects (font (size 0.4 0.4) (thickness 0.06)))
    )
    (fp_line (start 1.65 0.73) (end -1.65 0.73) (layer F.CrtYd) (width 0.05))
    (fp_line (start 1.65 -0.73) (end 1.65 0.73) (layer F.CrtYd) (width 0.05))
    (fp_line (start -1.65 -0.73) (end 1.65 -0.73) (layer F.CrtYd) (width 0.05))
    (fp_line (start -1.65 0.73) (end -1.65 -0.73) (layer F.CrtYd) (width 0.05))
    (fp_line (start -0.171267 0.51) (end 0.171267 0.51) (layer F.SilkS) (width 0.12))
    (fp_line (start -0.171267 -0.51) (end 0.171267 -0.51) (layer F.SilkS) (width 0.12))
    (fp_line (start 0.8 0.4) (end -0.8 0.4) (layer F.Fab) (width 0.1))
    (fp_line (start 0.8 -0.4) (end 0.8 0.4) (layer F.Fab) (width 0.1))
    (fp_line (start -0.8 -0.4) (end 0.8 -0.4) (layer F.Fab) (width 0.1))
    (fp_line (start -0.8 0.4) (end -0.8 -0.4) (layer F.Fab) (width 0.1))
    (pad 2 smd roundrect (at 0.875 0 90) (size 1.05 0.95) (layers F.Cu F.Paste F.Mask) (roundrect_rratio 0.25)
      (net 23 "Net-(R4-Pad2)"))
    (pad 1 smd roundrect (at -0.875 0 90) (size 1.05 0.95) (layers F.Cu F.Paste F.Mask) (roundrect_rratio 0.25)
      (net 6 /SEG_A))
    (model ${KISYS3DMOD}/Resistor_SMD.3dshapes/R_0603_1608Metric.wrl
      (at (xyz 0 0 0))
      (scale (xyz 1 1 1))
      (rotate (xyz 0 0 0))
    )
  )

  (module Resistor_SMD:R_0603_1608Metric_Pad1.05x0.95mm_HandSolder (layer F.Cu) (tedit 5B301BBD) (tstamp 5F0489BB)
    (at 122.936 100.838 90)
    (descr "Resistor SMD 0603 (1608 Metric), square (rectangular) end terminal, IPC_7351 nominal with elongated pad for handsoldering. (Body size source: http://www.tortai-tech.com/upload/download/2011102023233369053.pdf), generated with kicad-footprint-generator")
    (tags "resistor handsolder")
    (path /5F03DE26)
    (attr smd)
    (fp_text reference R5 (at 2.794 0 90) (layer F.SilkS)
      (effects (font (size 1 1) (thickness 0.15)))
    )
    (fp_text value 100 (at 0 1.43 90) (layer F.Fab)
      (effects (font (size 1 1) (thickness 0.15)))
    )
    (fp_line (start -0.8 0.4) (end -0.8 -0.4) (layer F.Fab) (width 0.1))
    (fp_line (start -0.8 -0.4) (end 0.8 -0.4) (layer F.Fab) (width 0.1))
    (fp_line (start 0.8 -0.4) (end 0.8 0.4) (layer F.Fab) (width 0.1))
    (fp_line (start 0.8 0.4) (end -0.8 0.4) (layer F.Fab) (width 0.1))
    (fp_line (start -0.171267 -0.51) (end 0.171267 -0.51) (layer F.SilkS) (width 0.12))
    (fp_line (start -0.171267 0.51) (end 0.171267 0.51) (layer F.SilkS) (width 0.12))
    (fp_line (start -1.65 0.73) (end -1.65 -0.73) (layer F.CrtYd) (width 0.05))
    (fp_line (start -1.65 -0.73) (end 1.65 -0.73) (layer F.CrtYd) (width 0.05))
    (fp_line (start 1.65 -0.73) (end 1.65 0.73) (layer F.CrtYd) (width 0.05))
    (fp_line (start 1.65 0.73) (end -1.65 0.73) (layer F.CrtYd) (width 0.05))
    (fp_text user %R (at 0 0 90) (layer F.Fab)
      (effects (font (size 0.4 0.4) (thickness 0.06)))
    )
    (pad 1 smd roundrect (at -0.875 0 90) (size 1.05 0.95) (layers F.Cu F.Paste F.Mask) (roundrect_rratio 0.25)
      (net 5 /SEG_B))
    (pad 2 smd roundrect (at 0.875 0 90) (size 1.05 0.95) (layers F.Cu F.Paste F.Mask) (roundrect_rratio 0.25)
      (net 24 "Net-(R5-Pad2)"))
    (model ${KISYS3DMOD}/Resistor_SMD.3dshapes/R_0603_1608Metric.wrl
      (at (xyz 0 0 0))
      (scale (xyz 1 1 1))
      (rotate (xyz 0 0 0))
    )
  )

  (module Resistor_SMD:R_0603_1608Metric_Pad1.05x0.95mm_HandSolder (layer F.Cu) (tedit 5B301BBD) (tstamp 5F04988E)
    (at 134.62 94.742 90)
    (descr "Resistor SMD 0603 (1608 Metric), square (rectangular) end terminal, IPC_7351 nominal with elongated pad for handsoldering. (Body size source: http://www.tortai-tech.com/upload/download/2011102023233369053.pdf), generated with kicad-footprint-generator")
    (tags "resistor handsolder")
    (path /5F03DE58)
    (attr smd)
    (fp_text reference R6 (at -2.794 0 90) (layer F.SilkS)
      (effects (font (size 1 1) (thickness 0.15)))
    )
    (fp_text value 100 (at 0 1.43 90) (layer F.Fab)
      (effects (font (size 1 1) (thickness 0.15)))
    )
    (fp_text user %R (at 0 0 90) (layer F.Fab)
      (effects (font (size 0.4 0.4) (thickness 0.06)))
    )
    (fp_line (start 1.65 0.73) (end -1.65 0.73) (layer F.CrtYd) (width 0.05))
    (fp_line (start 1.65 -0.73) (end 1.65 0.73) (layer F.CrtYd) (width 0.05))
    (fp_line (start -1.65 -0.73) (end 1.65 -0.73) (layer F.CrtYd) (width 0.05))
    (fp_line (start -1.65 0.73) (end -1.65 -0.73) (layer F.CrtYd) (width 0.05))
    (fp_line (start -0.171267 0.51) (end 0.171267 0.51) (layer F.SilkS) (width 0.12))
    (fp_line (start -0.171267 -0.51) (end 0.171267 -0.51) (layer F.SilkS) (width 0.12))
    (fp_line (start 0.8 0.4) (end -0.8 0.4) (layer F.Fab) (width 0.1))
    (fp_line (start 0.8 -0.4) (end 0.8 0.4) (layer F.Fab) (width 0.1))
    (fp_line (start -0.8 -0.4) (end 0.8 -0.4) (layer F.Fab) (width 0.1))
    (fp_line (start -0.8 0.4) (end -0.8 -0.4) (layer F.Fab) (width 0.1))
    (pad 2 smd roundrect (at 0.875 0 90) (size 1.05 0.95) (layers F.Cu F.Paste F.Mask) (roundrect_rratio 0.25)
      (net 25 "Net-(R6-Pad2)"))
    (pad 1 smd roundrect (at -0.875 0 90) (size 1.05 0.95) (layers F.Cu F.Paste F.Mask) (roundrect_rratio 0.25)
      (net 4 /SEG_C))
    (model ${KISYS3DMOD}/Resistor_SMD.3dshapes/R_0603_1608Metric.wrl
      (at (xyz 0 0 0))
      (scale (xyz 1 1 1))
      (rotate (xyz 0 0 0))
    )
  )

  (module Resistor_SMD:R_0603_1608Metric_Pad1.05x0.95mm_HandSolder (layer F.Cu) (tedit 5B301BBD) (tstamp 5F0489DD)
    (at 129.286 94.601 270)
    (descr "Resistor SMD 0603 (1608 Metric), square (rectangular) end terminal, IPC_7351 nominal with elongated pad for handsoldering. (Body size source: http://www.tortai-tech.com/upload/download/2011102023233369053.pdf), generated with kicad-footprint-generator")
    (tags "resistor handsolder")
    (path /5F03DE8C)
